PosX=1269.538208
PosY=-1546.721557
PosZ=13.522862
PosR=50.000000
VW=0
Namekhuvuc=Trunker
