PosX=2031.560791
PosY=-1417.126953
PosZ=16.992187
PosR=50.000000
VW=0
Namekhuvuc=
